# SRIM-2013 Ionization by Ions
# Ion = Helium [2] Energy = 5.486 MeV
# Target: Silicon Carbide (SiC)
# Depth (Angstrom), Ionization (eV/Angstrom), Recoil (eV/Angstrom)
# Generated sample data with Bragg peak around 17.4 um
0.000E+00 2.500E+02 1.000E+01
1000.000E+00 2.520E+02 1.020E+01
2000.000E+00 2.550E+02 1.050E+01
3000.000E+00 2.580E+02 1.080E+01
4000.000E+00 2.620E+02 1.120E+01
5000.000E+00 2.670E+02 1.170E+01
6000.000E+00 2.720E+02 1.220E+01
7000.000E+00 2.780E+02 1.280E+01
8000.000E+00 2.850E+02 1.350E+01
9000.000E+00 2.930E+02 1.430E+01
10000.000E+00 3.020E+02 1.520E+01
20000.000E+00 3.850E+02 2.350E+01
30000.000E+00 5.200E+02 3.700E+01
40000.000E+00 7.100E+02 5.600E+01
50000.000E+00 9.800E+02 8.300E+01
60000.000E+00 1.350E+03 1.200E+02
70000.000E+00 1.850E+03 1.700E+02
80000.000E+00 2.500E+03 2.350E+02
90000.000E+00 3.350E+03 3.200E+02
100000.000E+00 4.450E+03 4.300E+02
110000.000E+00 5.850E+03 5.700E+02
120000.000E+00 7.600E+03 7.450E+02
130000.000E+00 9.800E+03 9.650E+02
140000.000E+00 1.260E+04 1.245E+03
150000.000E+00 1.600E+04 1.585E+03
155000.000E+00 1.800E+04 1.785E+03
160000.000E+00 2.050E+04 2.035E+03
165000.000E+00 2.350E+04 2.335E+03
170000.000E+00 2.750E+04 2.735E+03
171000.000E+00 2.900E+04 2.885E+03
172000.000E+00 3.080E+04 3.065E+03
173000.000E+00 3.300E+04 3.285E+03
174000.000E+00 3.550E+04 3.535E+03
175000.000E+00 3.400E+04 3.385E+03
176000.000E+00 3.200E+04 3.185E+03
177000.000E+00 2.950E+04 2.935E+03
178000.000E+00 2.650E+04 2.635E+03
179000.000E+00 2.350E+04 2.335E+03
180000.000E+00 2.050E+04 2.035E+03
181000.000E+00 1.780E+04 1.765E+03
182000.000E+00 1.540E+04 1.525E+03
183000.000E+00 1.320E+04 1.305E+03
184000.000E+00 1.120E+04 1.105E+03
185000.000E+00 9.500E+03 9.350E+02
186000.000E+00 8.000E+03 7.850E+02
187000.000E+00 6.700E+03 6.550E+02
188000.000E+00 5.500E+03 5.350E+02
189000.000E+00 4.500E+03 4.350E+02
